TAILLE_DE_LA_GRILLE 128
TAILLE_CASE_CENTRALE 2
OBJECTIF
obj2 85 124
NOMBRE_ROBOTS 4
rob0 52 119
rob1 60 72
rob2 119 40
rob3 26 110
COIN_HAUT_DROIT
2 28
8 28
14 118
17 107
18 117
25 107
25 121
29 112
33 4
33 8
33 62
33 66
36 65
37 100
37 118
39 29
39 47
42 46
43 5
53 11
63 64
65 55
65 82
69 83
71 18
73 84
78 50
81 125
84 9
85 119
86 116
91 9
95 122
96 42
98 33
100 64
106 93
113 91
117 31
120 36
124 29
COIN_HAUT_GAUCHE
4 36
8 96
8 110
10 61
16 65
16 95
23 51
26 50
26 123
28 111
29 40
31 35
36 48
41 84
46 15
46 94
47 55
51 60
54 122
62 64
63 63
64 78
69 122
70 60
71 116
73 90
73 103
85 28
86 95
98 42
100 111
103 118
107 97
108 9
110 60
111 86
115 48
118 59
123 36
124 23
125 14
COIN_BAS_DROIT
3 49
4 39
11 5
11 79
13 79
13 103
19 57
21 81
22 112
23 65
27 34
27 60
32 114
41 64
44 7
45 37
53 72
55 14
55 101
60 57
62 63
64 64
68 108
74 33
75 62
83 2
87 84
87 123
91 14
91 108
92 49
94 125
98 78
99 15
105 75
108 44
109 73
116 9
117 81
119 105
120 20
120 28
COIN_BAS_GAUCHE
1 97
1 100
4 69
6 24
14 5
14 107
16 56
16 110
17 88
25 27
26 22
30 5
31 41
34 69
34 113
45 11
45 32
50 105
61 103
62 58
62 64
64 63
66 77
76 68
80 15
80 65
81 4
81 26
85 56
85 124
86 50
86 89
89 58
98 21
107 25
107 125
114 94
115 84
116 59
116 79
122 39
125 72
BARRE_VERTICALE
0 2
0 6
0 12
0 14
0 30
0 40
0 48
0 49
0 54
0 66
0 74
0 84
0 88
0 98
0 101
0 103
0 105
0 109
127 6
127 12
127 14
127 17
127 18
127 25
127 26
127 37
127 56
127 79
127 84
127 85
127 87
127 96
127 99
127 113
127 114
127 116
BARRE_HORIZONTALE
4 0
7 0
8 0
9 0
13 0
15 127
16 0
18 0
20 127
31 127
35 0
38 127
44 0
50 127
54 127
55 0
56 127
59 127
60 127
68 0
71 127
73 0
73 127
75 127
78 0
95 0
96 0
98 0
99 127
100 127
104 127
105 0
105 127
108 127
110 0
113 0
115 127
122 0